0,469
804,4
804,3
804,2
804,1
804,0
0,467
803,4
803,3
803,2
803,1
803,0
802,4
802,3
802,2
802,1
802,0
801,4
801,3
801,2
801,1
801,0
800,4
800,3
800,2
800,1
800,0
0,466
0,463
799,4
799,3
799,2
799,1
799,0
0,461
0,459
798,4
798,3
798,2
798,1
798,0
797,6
797,5
797,4
797,3
797,2
797,1
797,0
796,5
796,4
796,3
796,2
796,1
796,0
795,4
795,3
795,2
795,1
795,0
794,3
794,2
794,1
794,0
793,3
793,2
793,1
793,0
792,3
792,2
792,1
792,0
791,3
791,2
791,1
791,0
790,3
790,2
790,1
790,0
789,3
789,2
789,1
789,0
788,3
788,2
788,1
788,0
787,3
787,2
787,1
787,0
786,3
786,2
786,1
786,0
784,4
784,2
784,0
784,1
784,3
0,458
773,2
773,0
773,1
773,3
772,2
772,0
772,1
772,3
771,2
771,0
771,1
771,3
782,4
782,2
782,0
782,1
782,3
780,4
780,2
780,0
780,1
780,3
778,4
778,2
778,0
777,6
777,5
777,4
777,2
777,0
766,2
766,0
766,1
766,3
778,1
